FFFF
8E
24
0020
39FF006D063454363051470557

0141  18 19 
0000  20 21 
0001//温度与漏电报警与故障标志位

045E
0000
0000
0000
0000
0000
0000
0000
0000
0000
0000

0060
0014
0014
0015
0015
0031
002C
00BE
092D
0929
0922

09730000//A相电量
0B030000
191E0000//C
2B980000//A视载
69000000
A4880000//C视载
0391
03E8
03E5
0032
0032
0032//42
0000
0000
0000
0000
0000//47
0000
0000
0000
0000
0000
0000
0017
0000
04AD
095F
0034
0463
09B5//60

75

FFFF8E24002039FF006D063454363051470557014100000001045E0000000000000000000000000000000000000000006000140014001500150031002C00BE092D09290922097300000B030000191E00002B98000069000000A4880000039103E803E5003200320032000000000000000000000000000000000000000000000017000004AD095F0034046309B575


FFFF1402002039FF006F063454363050500757BB


FFFF8E24002039FF006D063454363051470557014100000001045E0000000000000000000000000000000000000000000000180018001800180000000000510946093C093A099F00000B34000019950000000000000078000048300000000003E803E8003200320032000000000000000000000000000000000001000000000019000204AF096403FD052F06C72C

FFFF
8E240020
39FF006D063454363051470557
0141
0000
0001

045E
0000
0000
0000
0000
0000
0000
0000
0000
0000
0000

0000
0018
0018
0018
0018
0000
0000
0051
0946
093C
093A
099F00000B34000019950000000000000078000048300000000003E803E8003200320032000000000000000000000000000000000001000000000019000204AF096403FD052F06C72C
